p bins Kaon contmination (%) Proton Contamination (%)
after 3 sigma dt cut
[1, 1.3) 0 0 
[1.3, 1.6) 0.870574 ± 0.005115 0
[1.6, 1.9) 0.735735 ± 0.00556963 0 
[1.9, 2.2) 0.544588 ± 0.00566099 0 
[2.2, 2.5) 1.05471 ± 0.00930031 0 
[2.5, 2.8) 1.59476 ± 0.0133954 1.16733 ± 0.0114364
[2.8, 3.1) 2.55969 ± 0.0197241 1.05757 ± 0.0125851
[3.1, 3.4) 5.35737 ± 0.0330324 1.27436 ± 0.0157953
[3.4, 3.7) 8.5803 ± 0.0484279 1.41988 ± 0.0190395
[3.7, 4)  11.9623 ± 0.0665714   2.30473 ± 0.0279321
[4, 4.3)  11.4651 ± 0.0750051   1.39857 ± 0.0249857
[4.3, 4.7) 11.2707 ± 0.0763   2.8237 ± 0.0367
[4.7, 5)    8.3503 ± 0.0903     5.9973 ± 0.0757




after p_dependent chi2pid cut

[1, 1.3) 0 0 
[1.3, 1.6) 1.57622 ± 0.00673 0
[1.6, 1.9) 1.2919 ± 0.00722554  0
[1.9, 2.2) 1.20897 ± 0.00825404  0 
[2.2, 2.5) 2.09853 ± 0.0128403 0
[2.5, 2.8) 2.2527 ± 0.0156533  1.82545 ± 0.0140615 
[2.8, 3.1) 2.03686 ± 0.0174219  1.58939 ± 0.0153559
[3.1, 3.4) 2.96657 ± 0.0246679  1.7215 ± 0.0186773
[3.4, 3.7) 3.63595 ± 0.0320352  1.81276 ± 0.0224199
[3.7, 4)   5.26463 ± 0.0454563   2.81852 ± 0.0328712 
[4, 4.3)   5.4968 ± 0.054536     2.71435 ± 0.0378143
[4.3, 4.7) 4.0294 ± 0.0482      2.6580 ± 0.0389
[4.7, 5)    2.8295 ± 0.0570     5.8287 ± 0.0830



