0.6 0.7 0.57432  0.0214494  0.977581 0.00352701
0.7 0.8 0.626895 0.0177541  0.982869 0.00295236
0.8 0.9 0.672732 0.0146212  0.986505 0.00289389
0.9 1   0.711959 0.0125443  0.989198 0.00255751
1 1.1   0.745485 0.0106326  0.991086 0.00246993
1.1 1.2 0.774319 0.00937949 0.992614 0.00288827
1.2 1.3 0.798994 0.00818787 0.993867 0.00354248
1.3 1.4 0.820233 0.00732871 0.99482  0.00361935
1.4 1.5 0.838626 0.00659605 0.995523 0.00353045
1.5 1.6 0.854483 0.00597788 0.996109 0.00303042
1.6 1.7 0.868272 0.00549715 0.99655  0.00322399
1.7 1.8 0.880324 0.0050898  0.996934 0.00321982
1.8 1.9 0.890871 0.00476698 0.997208 0.00316868
1.9 2   0.900168 0.00450367 0.997447 0.00312481
2 2.1   0.908391 0.00429328 0.997739 0.0029676
2.1 2.2 0.915665 0.00410578 0.997915 0.0031427
2.2 2.3 0.922131 0.00397825 0.998075 0.00315966
2.3 2.4 0.927909 0.0038836  0.998228 0.00313189
2.4 2.5 0.933094 0.00376294 0.998396 0.00283099
2.5 2.6 0.937791 0.00369844 0.998509 0.00306687
2.6 2.7 0.941995 0.00363281 0.998587 0.00312185
2.7 2.8 0.945798 0.00357523 0.99869  0.00305512
2.8 2.9 0.949244 0.00352676 0.998778 0.00306726
2.9 3   0.952388 0.00350748 0.998832 0.00308361
3 3.1   0.955279 0.00348446 0.998923 0.00295225
3.1 3.2 0.957878 0.00343529 0.999025 0.00279518
3.2 3.3 0.960297 0.00334365 0.999045 0.00304099
3.3 3.4 0.9625   0.00338688 0.999068 0.00306321
3.4 3.5 0.964507 0.0033506 0.999164  0.0029227
3.5 3.6 0.966392 0.0033579 0.999129  0.00314008
3.6 3.7 0.968171 0.00341874 0.999115 0.00319931
